381252111
827543744
742349201
371325114
198802041
726294631
543620535
662339758
1067688744
740875092
1055318755
374674316
422972150
513077237
1622194527
347818028
594448156
524989783
968589113
932254271
962068743
503791770
387745463
490932822
993628058
800710834
654861255
694863693
257834610
1200388378
513422994
601826146
1727277057
831541960
808563115
844082314
1224264640
836470325
475311042
1011638207
249358403
114802503
1758424826
553672826
5147715586
701032390
692898252
781347333
173497871
578958788
998639499
725152169
727727745
953193666
862052317
805777009
902485785
403869947
1801956840
997660968
1741228829
436747613
630741620
749817502
424598787
653662370
628798948
1713931990
611096695
648626922
571576281
1040272920
910481401
505998906
667239558
1448898966
1056924146
592851052
777813486